Similarity matrix:
                    1     2     3     4     5     6     7     8     9     10    
1 baseball.txt      -     1249  1236  1235  1222  1265  1227  1242  1258  1231  
2 fencing.txt       1249  -     1256  1249  1246  1273  1244  1255  1266  1245  
3 football.txt      1236  1256  -     1240  1225  1266  1229  1248  1261  1241  
4 gymnasts.txt      1235  1249  1240  -     1217  1269  1230  1245  1266  1235  
5 hockey.txt        1222  1246  1225  1217  -     1257  1219  1234  1259  1215  
6 lacrosse.txt      1265  1273  1266  1269  1257  -     1266  1260  1272  1264  
7 nytimes.txt       1227  1244  1229  1230  1219  1266  -     1245  1261  1214  
8 soccer.txt        1242  1255  1248  1245  1234  1260  1245  -     1258  1236  
9 ultimate.txt      1258  1266  1261  1266  1259  1272  1261  1258  -     1251  
10 w_polo.txt       1231  1245  1241  1235  1215  1264  1214  1236  1251  -     

Clustered similarity matrix:
                    A1    A2    A3    A4    A5    A7    A10   B6    B8    C9    
A1 baseball.txt     -     1249  1236  1235  1222  1227  1231  1265  1242  1258  
A2 fencing.txt      1249  -     1256  1249  1246  1244  1245  1273  1255  1266  
A3 football.txt     1236  1256  -     1240  1225  1229  1241  1266  1248  1261  
A4 gymnasts.txt     1235  1249  1240  -     1217  1230  1235  1269  1245  1266  
A5 hockey.txt       1222  1246  1225  1217  -     1219  1215  1257  1234  1259  
A7 nytimes.txt      1227  1244  1229  1230  1219  -     1214  1266  1245  1261  
A10 w_polo.txt      1231  1245  1241  1235  1215  1214  -     1264  1236  1251  
B6 lacrosse.txt     1265  1273  1266  1269  1257  1266  1264  -     1260  1272  
B8 soccer.txt       1242  1255  1248  1245  1234  1245  1236  1260  -     1258  
C9 ultimate.txt     1258  1266  1261  1266  1259  1261  1251  1272  1258  -     
